Greedy		Elapsed: 4.3169e-05 s
22 12134
13 6 14 4 0 9 18 20 10 15 5 8 21 7 19 17 2 11 3 12 1 16 

Local Search		Elapsed: 0.00306999 s
22 7228
6 13 15 1 3 18 8 10 7 9 2 5 12 0 14 20 19 11 16 21 4 17 

Local Search (Dont Look Bit)		Elapsed: 0.00235114 s
22 7278
6 1 0 4 18 2 21 8 19 3 15 17 10 12 20 14 7 11 13 9 5 16 

AGG		Elapsed: 0.430631 s
22 7654
12 8 13 9 0 4 6 10 1 2 5 19 16 18 17 20 15 7 3 14 21 11 

AGG OX		Elapsed: 0.423955 s
22 7506
5 12 0 21 18 11 1 19 14 4 6 20 15 13 10 17 3 9 8 2 16 7 

AGG PMX		Elapsed: 0.421491 s
22 8336
11 8 9 15 0 3 16 18 13 1 19 12 21 7 10 14 4 5 2 20 17 6 

AGE		Elapsed: 0.841566 s
22 7110
13 6 1 21 3 18 4 8 17 16 10 15 12 20 2 0 19 9 11 5 14 7 

AGE OX		Elapsed: 0.73458 s
22 7018
20 0 3 15 17 14 2 6 13 11 12 21 9 10 1 8 7 18 19 16 4 5 

AGE PMX		Elapsed: 0.75531 s
22 7218
6 13 7 0 10 8 15 14 12 1 21 11 2 17 20 4 16 5 19 3 9 18 

AM(10, 1)		Elapsed: 2.46293 s
22 6806
14 20 21 5 8 9 13 4 6 15 18 1 12 2 10 11 3 19 16 7 0 17 

AM(10, 0.1)		Elapsed: 0.624744 s
22 6830
1 6 4 9 15 5 13 7 8 0 18 20 14 21 17 10 12 3 11 16 19 2 

AM(10, 0.1mej)		Elapsed: 0.614219 s
22 7230
6 1 5 10 21 13 8 18 20 12 14 17 19 4 0 2 11 16 15 7 9 3 

AM(1, 1)		Elapsed: 22.651 s
22 7192
6 1 0 15 19 9 5 17 18 3 2 21 14 8 10 4 12 13 16 20 11 7 

AM(1, 0.1)		Elapsed: 2.50852 s
22 6974
4 6 20 9 2 10 1 18 5 17 0 11 16 3 13 8 15 12 7 14 21 19 

AM(1, 0.1mej)		Elapsed: 2.68736 s
22 7152
6 10 16 14 0 13 17 11 21 9 1 20 19 2 12 3 18 15 4 7 8 5 

